datetime	open	high	low	close	volume
09.03.2023 18:00	1809.0	1810.0	1809.0	1810.0	14
13.03.2023 20:00	1765.0	1769.0	1765.0	1769.0	17
14.03.2023 12:00	1771.0	1772.0	1771.0	1772.0	2
17.03.2023 14:00	1749.0	1751.0	1749.0	1751.0	13
20.03.2023 08:00	1777.0	1827.0	1777.0	1827.0	28
20.03.2023 10:00	1878.0	1900.0	1878.0	1898.0	9
20.03.2023 12:00	1832.0	1897.0	1832.0	1897.0	2
20.03.2023 14:00	1835.0	1897.0	1835.0	1897.0	2
20.03.2023 16:00	1900.0	1972.0	1900.0	1972.0	7
20.03.2023 18:00	1971.0	1972.0	1970.0	1972.0	30
21.03.2023 10:00	1983.0	1999.0	1950.0	1999.0	147
21.03.2023 14:00	1970.0	1971.0	1969.0	1971.0	48
21.03.2023 16:00	1969.0	1969.0	1960.0	1960.0	3
24.03.2023 18:00	1872.0	1910.0	1857.0	1857.0	53
27.03.2023 08:00	1885.0	1886.0	1885.0	1885.0	9
27.03.2023 10:00	1879.0	1896.0	1879.0	1896.0	4
28.03.2023 12:00	1945.0	1951.0	1890.0	1939.0	74
28.03.2023 18:00	1920.0	1947.0	1920.0	1947.0	22
29.03.2023 10:00	1931.0	1931.0	1929.0	1929.0	3
29.03.2023 12:00	1927.0	1931.0	1924.0	1931.0	15
29.03.2023 20:00	1916.0	1921.0	1916.0	1921.0	4
30.03.2023 14:00	1955.0	1955.0	1923.0	1923.0	2
31.03.2023 10:00	1925.0	1925.0	1924.0	1924.0	2
31.03.2023 12:00	1918.0	1918.0	1908.0	1908.0	7
03.04.2023 12:00	1929.0	1968.0	1929.0	1968.0	32
03.04.2023 16:00	2012.0	2049.0	1990.0	1990.0	13
03.04.2023 18:00	2058.0	2098.0	1990.0	2024.0	110
03.04.2023 20:00	2024.0	2134.0	2024.0	2134.0	65
03.04.2023 22:00	2092.0	2093.0	2090.0	2090.0	7
04.04.2023 10:00	2096.0	2136.0	2096.0	2136.0	6
04.04.2023 12:00	2135.0	2205.0	2135.0	2178.0	14
04.04.2023 16:00	2142.0	2142.0	2109.0	2110.0	9
04.04.2023 18:00	2090.0	2091.0	2087.0	2088.0	12
04.04.2023 20:00	2093.0	2093.0	2087.0	2087.0	21
05.04.2023 10:00	2045.0	2045.0	1994.0	2026.0	24
05.04.2023 12:00	1990.0	1990.0	1980.0	1980.0	3
06.04.2023 10:00	1981.0	1997.0	1980.0	1997.0	15
06.04.2023 14:00	1994.0	1998.0	1994.0	1998.0	2
07.04.2023 08:00	1949.0	1950.0	1947.0	1947.0	7
07.04.2023 10:00	1946.0	1947.0	1945.0	1947.0	4
07.04.2023 12:00	1946.0	1950.0	1940.0	1940.0	10
07.04.2023 14:00	1949.0	1981.0	1949.0	1981.0	21
11.04.2023 16:00	1984.0	1984.0	1946.0	1962.0	18
11.04.2023 18:00	1859.0	1924.0	1859.0	1924.0	4
11.04.2023 20:00	1939.0	1939.0	1924.0	1924.0	22
12.04.2023 10:00	1949.0	1949.0	1943.0	1943.0	2
13.04.2023 12:00	1928.0	1932.0	1928.0	1932.0	11
13.04.2023 14:00	1931.0	1932.0	1922.0	1922.0	3
13.04.2023 16:00	1920.0	1933.0	1920.0	1933.0	7
14.04.2023 10:00	1963.0	1963.0	1941.0	1941.0	7
14.04.2023 20:00	1957.0	1960.0	1957.0	1960.0	2
17.04.2023 10:00	2023.0	2030.0	2010.0	2011.0	24
17.04.2023 12:00	2011.0	2011.0	1991.0	1991.0	21
17.04.2023 14:00	2016.0	2020.0	2016.0	2020.0	2
17.04.2023 16:00	2016.0	2016.0	2001.0	2001.0	25
17.04.2023 18:00	2014.0	2015.0	2014.0	2015.0	21
18.04.2023 10:00	2014.0	2048.0	2014.0	2032.0	196
18.04.2023 12:00	2006.0	2014.0	1996.0	2013.0	78
18.04.2023 16:00	2013.0	2022.0	2013.0	2020.0	110
18.04.2023 18:00	2039.0	2039.0	2027.0	2028.0	196
18.04.2023 20:00	2032.0	2032.0	2027.0	2027.0	106
18.04.2023 22:00	2032.0	2035.0	2032.0	2033.0	14
19.04.2023 08:00	2035.0	2062.0	2035.0	2061.0	112
19.04.2023 10:00	2056.0	2071.0	2056.0	2065.0	139
19.04.2023 12:00	2056.0	2063.0	2055.0	2063.0	43
19.04.2023 14:00	2063.0	2075.0	2036.0	2037.0	81
19.04.2023 16:00	2054.0	2054.0	1995.0	1995.0	123
19.04.2023 18:00	2041.0	2067.0	2016.0	2016.0	29
19.04.2023 22:00	2031.0	2031.0	2030.0	2030.0	2
20.04.2023 08:00	2049.0	2060.0	2049.0	2060.0	3
20.04.2023 10:00	2034.0	2034.0	2029.0	2029.0	2
20.04.2023 14:00	2057.0	2094.0	2057.0	2092.0	116
20.04.2023 16:00	2081.0	2100.0	2081.0	2083.0	16
20.04.2023 18:00	2096.0	2122.0	2084.0	2084.0	22
20.04.2023 20:00	2092.0	2120.0	2090.0	2099.0	9
21.04.2023 08:00	2108.0	2108.0	2092.0	2092.0	13
21.04.2023 10:00	2110.0	2110.0	2083.0	2083.0	12
21.04.2023 14:00	2093.0	2093.0	2088.0	2088.0	8
21.04.2023 20:00	2107.0	2140.0	2101.0	2101.0	39
21.04.2023 22:00	2105.0	2105.0	2089.0	2089.0	25
24.04.2023 08:00	2102.0	2119.0	2096.0	2100.0	141
24.04.2023 10:00	2110.0	2130.0	2094.0	2116.0	25
24.04.2023 12:00	2120.0	2122.0	2120.0	2122.0	3
24.04.2023 14:00	2123.0	2123.0	2122.0	2122.0	2
24.04.2023 16:00	2105.0	2107.0	2094.0	2107.0	8
24.04.2023 18:00	2099.0	2105.0	2087.0	2087.0	7
24.04.2023 20:00	2092.0	2096.0	2087.0	2096.0	26
25.04.2023 08:00	2096.0	2096.0	2091.0	2091.0	2
25.04.2023 10:00	2081.0	2106.0	2080.0	2106.0	15
25.04.2023 12:00	2104.0	2137.0	2078.0	2080.0	98
25.04.2023 14:00	2078.0	2078.0	2049.0	2049.0	5
25.04.2023 16:00	2062.0	2081.0	2062.0	2076.0	127
25.04.2023 18:00	2079.0	2080.0	2071.0	2080.0	12
25.04.2023 20:00	2072.0	2072.0	2070.0	2070.0	3
25.04.2023 22:00	2064.0	2074.0	2061.0	2061.0	16
26.04.2023 08:00	2081.0	2094.0	2055.0	2055.0	4
26.04.2023 10:00	2079.0	2123.0	2054.0	2114.0	73
26.04.2023 12:00	2120.0	2128.0	2120.0	2121.0	6
26.04.2023 14:00	2108.0	2108.0	2080.0	2103.0	532
26.04.2023 16:00	2088.0	2119.0	2083.0	2118.0	130
26.04.2023 18:00	2122.0	2147.0	2103.0	2103.0	91
26.04.2023 20:00	2102.0	2121.0	2097.0	2118.0	111
26.04.2023 22:00	2119.0	2121.0	2118.0	2118.0	13
27.04.2023 08:00	2124.0	2124.0	2118.0	2118.0	95
27.04.2023 10:00	2118.0	2179.0	2107.0	2175.0	898
27.04.2023 12:00	2174.0	2187.0	2158.0	2175.0	933
27.04.2023 14:00	2175.0	2195.0	2170.0	2173.0	319
27.04.2023 16:00	2177.0	2212.0	2173.0	2199.0	86
27.04.2023 18:00	2205.0	2250.0	2205.0	2246.0	137
27.04.2023 20:00	2247.0	2300.0	2247.0	2284.0	110
27.04.2023 22:00	2277.0	2283.0	2263.0	2263.0	266
28.04.2023 08:00	2277.0	2280.0	2266.0	2280.0	7
28.04.2023 10:00	2280.0	2289.0	2250.0	2275.0	312
28.04.2023 12:00	2272.0	2283.0	2224.0	2251.0	115
28.04.2023 14:00	2259.0	2260.0	2186.0	2218.0	201
28.04.2023 16:00	2238.0	2256.0	2209.0	2254.0	127
28.04.2023 18:00	2246.0	2246.0	2226.0	2229.0	46
28.04.2023 20:00	2232.0	2257.0	2232.0	2253.0	22
28.04.2023 22:00	2253.0	2308.0	2253.0	2290.0	85
02.05.2023 10:00	2289.0	2333.0	2255.0	2263.0	88
02.05.2023 12:00	2259.0	2262.0	2100.0	2254.0	511
02.05.2023 14:00	2246.0	2246.0	2240.0	2245.0	17
02.05.2023 16:00	2248.0	2253.0	2190.0	2196.0	64
02.05.2023 18:00	2193.0	2235.0	2159.0	2200.0	146
02.05.2023 20:00	2206.0	2206.0	2202.0	2202.0	27
03.05.2023 10:00	2180.0	2180.0	2140.0	2169.0	137
03.05.2023 14:00	2205.0	2205.0	2171.0	2171.0	79
03.05.2023 16:00	2172.0	2188.0	2139.0	2139.0	40
03.05.2023 18:00	2181.0	2181.0	2119.0	2139.0	57
03.05.2023 20:00	2135.0	2135.0	2118.0	2132.0	4
03.05.2023 22:00	2119.0	2137.0	2118.0	2125.0	21
04.05.2023 08:00	2119.0	2128.0	2114.0	2128.0	26
04.05.2023 10:00	2132.0	2171.0	2113.0	2131.0	125
04.05.2023 12:00	2108.0	2164.0	2107.0	2161.0	16
04.05.2023 16:00	2138.0	2138.0	2132.0	2132.0	20
04.05.2023 18:00	2135.0	2136.0	2135.0	2135.0	22
04.05.2023 20:00	2137.0	2137.0	2112.0	2129.0	6
04.05.2023 22:00	2128.0	2129.0	2128.0	2129.0	10
05.05.2023 08:00	2127.0	2130.0	2127.0	2130.0	9
05.05.2023 10:00	2121.0	2199.0	2120.0	2192.0	84
05.05.2023 12:00	2186.0	2187.0	2170.0	2172.0	75
05.05.2023 14:00	2186.0	2186.0	2170.0	2170.0	12
05.05.2023 16:00	2171.0	2175.0	2130.0	2175.0	59
05.05.2023 18:00	2149.0	2181.0	2133.0	2181.0	29
05.05.2023 20:00	2129.0	2134.0	2128.0	2134.0	4
08.05.2023 08:00	2141.0	2142.0	2141.0	2142.0	8
08.05.2023 10:00	2147.0	2147.0	2146.0	2146.0	4
08.05.2023 12:00	2140.0	2141.0	2115.0	2116.0	48
08.05.2023 16:00	2129.0	2130.0	2129.0	2130.0	7
08.05.2023 18:00	2125.0	2125.0	2117.0	2124.0	6
08.05.2023 20:00	2129.0	2131.0	2129.0	2129.0	13
08.05.2023 22:00	2130.0	2131.0	2130.0	2131.0	2
10.05.2023 10:00	2153.0	2200.0	2153.0	2177.0	274
10.05.2023 12:00	2176.0	2178.0	2173.0	2177.0	55
10.05.2023 14:00	2178.0	2204.0	2177.0	2200.0	22
10.05.2023 16:00	2199.0	2201.0	2199.0	2200.0	18
10.05.2023 18:00	2210.0	2225.0	2205.0	2225.0	57
10.05.2023 20:00	2235.0	2244.0	2235.0	2243.0	47
10.05.2023 22:00	2240.0	2245.0	2240.0	2245.0	48
11.05.2023 08:00	2243.0	2243.0	2239.0	2239.0	3
11.05.2023 10:00	2248.0	2251.0	2248.0	2250.0	8
11.05.2023 12:00	2240.0	2240.0	2203.0	2207.0	46
11.05.2023 14:00	2241.0	2254.0	2219.0	2237.0	67
11.05.2023 16:00	2238.0	2239.0	2238.0	2239.0	2
11.05.2023 20:00	2223.0	2227.0	2205.0	2205.0	9
11.05.2023 22:00	2215.0	2249.0	2175.0	2203.0	27
12.05.2023 08:00	2250.0	2258.0	2207.0	2236.0	11
12.05.2023 10:00	2227.0	2227.0	2212.0	2217.0	7
12.05.2023 12:00	2217.0	2218.0	2207.0	2207.0	3
12.05.2023 16:00	2214.0	2215.0	2214.0	2215.0	12
12.05.2023 22:00	2232.0	2238.0	2232.0	2238.0	10
15.05.2023 10:00	2274.0	2290.0	2259.0	2280.0	97
15.05.2023 12:00	2280.0	2280.0	2253.0	2269.0	108
15.05.2023 14:00	2265.0	2271.0	2264.0	2268.0	78
15.05.2023 16:00	2270.0	2284.0	2270.0	2284.0	10
15.05.2023 20:00	2287.0	2288.0	2287.0	2288.0	2
15.05.2023 22:00	2290.0	2302.0	2287.0	2301.0	12
16.05.2023 08:00	2301.0	2315.0	2301.0	2315.0	20
16.05.2023 10:00	2303.0	2303.0	2280.0	2293.0	84
16.05.2023 12:00	2294.0	2296.0	2280.0	2280.0	30
16.05.2023 16:00	2297.0	2297.0	2286.0	2286.0	12
16.05.2023 18:00	2285.0	2308.0	2285.0	2306.0	22
16.05.2023 20:00	2306.0	2307.0	2306.0	2306.0	6
17.05.2023 10:00	2306.0	2313.0	2275.0	2295.0	13
17.05.2023 12:00	2287.0	2325.0	2283.0	2325.0	124
17.05.2023 14:00	2331.0	2369.0	2329.0	2363.0	180
17.05.2023 16:00	2364.0	2408.0	2350.0	2390.0	109
17.05.2023 18:00	2388.0	2428.0	2387.0	2405.0	72
17.05.2023 20:00	2404.0	2408.0	2392.0	2392.0	51
17.05.2023 22:00	2399.0	2400.0	2395.0	2395.0	4
18.05.2023 10:00	2425.0	2483.0	2407.0	2455.0	175
18.05.2023 12:00	2453.0	2460.0	2431.0	2436.0	59
18.05.2023 14:00	2435.0	2440.0	2395.0	2411.0	104
18.05.2023 16:00	2412.0	2413.0	2411.0	2412.0	102
18.05.2023 18:00	2407.0	2444.0	2394.0	2404.0	37
18.05.2023 20:00	2409.0	2409.0	2405.0	2408.0	5
18.05.2023 22:00	2408.0	2424.0	2408.0	2424.0	8
19.05.2023 08:00	2405.0	2405.0	2367.0	2389.0	18
19.05.2023 10:00	2385.0	2396.0	2379.0	2390.0	38
19.05.2023 12:00	2397.0	2419.0	2390.0	2419.0	29
19.05.2023 14:00	2401.0	2426.0	2401.0	2415.0	45
19.05.2023 16:00	2419.0	2419.0	2417.0	2417.0	4
19.05.2023 18:00	2418.0	2426.0	2403.0	2426.0	57
19.05.2023 20:00	2413.0	2422.0	2413.0	2422.0	6
22.05.2023 10:00	2419.0	2422.0	2400.0	2421.0	27
22.05.2023 12:00	2425.0	2425.0	2400.0	2400.0	95
22.05.2023 14:00	2399.0	2424.0	2371.0	2391.0	338
22.05.2023 16:00	2389.0	2402.0	2361.0	2387.0	263
22.05.2023 18:00	2389.0	2389.0	2387.0	2387.0	18
22.05.2023 22:00	2392.0	2395.0	2392.0	2395.0	10
23.05.2023 08:00	2403.0	2487.0	2385.0	2438.0	233
23.05.2023 10:00	2430.0	2430.0	2403.0	2403.0	47
23.05.2023 12:00	2404.0	2404.0	2400.0	2400.0	5
23.05.2023 14:00	2405.0	2411.0	2391.0	2391.0	34
23.05.2023 16:00	2390.0	2426.0	2388.0	2423.0	138
23.05.2023 18:00	2425.0	2487.0	2425.0	2473.0	453
23.05.2023 20:00	2473.0	2473.0	2456.0	2458.0	53
23.05.2023 22:00	2458.0	2488.0	2456.0	2485.0	109
24.05.2023 08:00	2475.0	2477.0	2469.0	2469.0	25
24.05.2023 10:00	2479.0	2479.0	2436.0	2466.0	234
24.05.2023 12:00	2453.0	2460.0	2437.0	2460.0	50
24.05.2023 14:00	2459.0	2463.0	2455.0	2455.0	22
24.05.2023 16:00	2462.0	2496.0	2458.0	2480.0	229
24.05.2023 18:00	2479.0	2480.0	2406.0	2452.0	389
24.05.2023 20:00	2456.0	2462.0	2456.0	2459.0	123
25.05.2023 08:00	2462.0	2463.0	2462.0	2463.0	10
25.05.2023 10:00	2455.0	2482.0	2402.0	2404.0	442
25.05.2023 12:00	2402.0	2421.0	2401.0	2418.0	253
25.05.2023 14:00	2420.0	2446.0	2416.0	2418.0	347
25.05.2023 16:00	2411.0	2412.0	2405.0	2409.0	47
25.05.2023 18:00	2410.0	2416.0	2410.0	2411.0	63
25.05.2023 20:00	2427.0	2431.0	2410.0	2410.0	67
25.05.2023 22:00	2410.0	2417.0	2405.0	2405.0	56
26.05.2023 08:00	2416.0	2416.0	2405.0	2405.0	20
26.05.2023 10:00	2405.0	2408.0	2400.0	2404.0	416
26.05.2023 12:00	2401.0	2409.0	2390.0	2409.0	391
26.05.2023 14:00	2410.0	2497.0	2400.0	2427.0	1229
26.05.2023 16:00	2435.0	2464.0	2435.0	2444.0	233
26.05.2023 18:00	2444.0	2444.0	2426.0	2426.0	6
26.05.2023 20:00	2433.0	2433.0	2415.0	2425.0	136
26.05.2023 22:00	2427.0	2438.0	2427.0	2438.0	13
29.05.2023 10:00	2447.0	2455.0	2447.0	2449.0	48
29.05.2023 12:00	2444.0	2447.0	2401.0	2415.0	239
29.05.2023 14:00	2424.0	2425.0	2410.0	2417.0	54
29.05.2023 16:00	2423.0	2453.0	2423.0	2452.0	125
29.05.2023 18:00	2450.0	2477.0	2450.0	2461.0	75
29.05.2023 20:00	2456.0	2462.0	2454.0	2460.0	159
29.05.2023 22:00	2455.0	2469.0	2449.0	2469.0	18
30.05.2023 08:00	2430.0	2430.0	2400.0	2405.0	94
30.05.2023 10:00	2412.0	2437.0	2411.0	2416.0	120
30.05.2023 12:00	2418.0	2428.0	2412.0	2427.0	19
30.05.2023 14:00	2427.0	2429.0	2411.0	2411.0	134
30.05.2023 16:00	2410.0	2411.0	2360.0	2375.0	899
30.05.2023 18:00	2372.0	2488.0	2372.0	2380.0	120
30.05.2023 20:00	2383.0	2383.0	2368.0	2377.0	122
30.05.2023 22:00	2372.0	2374.0	2365.0	2365.0	16
31.05.2023 08:00	2338.0	2346.0	2323.0	2328.0	63
31.05.2023 10:00	2330.0	2332.0	2270.0	2306.0	361
31.05.2023 12:00	2305.0	2336.0	2295.0	2336.0	266
31.05.2023 14:00	2327.0	2334.0	2327.0	2334.0	4
31.05.2023 16:00	2343.0	2344.0	2341.0	2341.0	28
31.05.2023 18:00	2344.0	2356.0	2344.0	2356.0	138
31.05.2023 20:00	2352.0	2356.0	2351.0	2352.0	4
31.05.2023 22:00	2356.0	2358.0	2349.0	2349.0	12
01.06.2023 08:00	2335.0	2338.0	2335.0	2338.0	3
01.06.2023 10:00	2342.0	2344.0	2336.0	2337.0	120
01.06.2023 12:00	2337.0	2337.0	2288.0	2300.0	204
01.06.2023 14:00	2303.0	2303.0	2295.0	2295.0	4
01.06.2023 16:00	2292.0	2302.0	2283.0	2302.0	111
01.06.2023 18:00	2288.0	2294.0	2283.0	2294.0	77
01.06.2023 20:00	2289.0	2289.0	2249.0	2253.0	133
01.06.2023 22:00	2253.0	2266.0	2248.0	2263.0	152
02.06.2023 08:00	2246.0	2246.0	2100.0	2116.0	884
02.06.2023 10:00	2119.0	2228.0	2119.0	2224.0	1414
02.06.2023 12:00	2225.0	2298.0	2225.0	2267.0	822
02.06.2023 14:00	2270.0	2294.0	2266.0	2294.0	276
02.06.2023 16:00	2286.0	2437.0	2286.0	2357.0	356
02.06.2023 18:00	2354.0	2499.0	2348.0	2360.0	329
02.06.2023 20:00	2375.0	2375.0	2345.0	2345.0	19
02.06.2023 22:00	2352.0	2355.0	2349.0	2353.0	68
05.06.2023 08:00	2351.0	2362.0	2284.0	2357.0	127
05.06.2023 10:00	2363.0	2398.0	2332.0	2332.0	219
05.06.2023 12:00	2332.0	2332.0	2302.0	2321.0	69
05.06.2023 14:00	2328.0	2333.0	2302.0	2325.0	61
05.06.2023 16:00	2328.0	2328.0	2299.0	2299.0	56
05.06.2023 20:00	2306.0	2306.0	2280.0	2285.0	195
05.06.2023 22:00	2294.0	2294.0	2280.0	2282.0	274
06.06.2023 08:00	2284.0	2295.0	2280.0	2295.0	41
06.06.2023 10:00	2288.0	2314.0	2258.0	2312.0	2633
06.06.2023 12:00	2311.0	2330.0	2282.0	2330.0	2964
06.06.2023 14:00	2300.0	2359.0	2293.0	2327.0	171
06.06.2023 16:00	2329.0	2347.0	2309.0	2335.0	562
06.06.2023 18:00	2342.0	2363.0	2327.0	2341.0	39
06.06.2023 20:00	2341.0	2343.0	2341.0	2343.0	70
06.06.2023 22:00	2346.0	2380.0	2344.0	2344.0	136
07.06.2023 10:00	2345.0	2413.0	2330.0	2399.0	1328
07.06.2023 12:00	2401.0	2416.0	2385.0	2407.0	135
07.06.2023 14:00	2410.0	2450.0	2406.0	2408.0	882
07.06.2023 16:00	2409.0	2425.0	2360.0	2382.0	1709
07.06.2023 18:00	2363.0	2390.0	2363.0	2373.0	47
07.06.2023 20:00	2394.0	2394.0	2391.0	2392.0	11
07.06.2023 22:00	2395.0	2404.0	2390.0	2404.0	57
08.06.2023 08:00	2403.0	2407.0	2402.0	2402.0	1148
08.06.2023 10:00	2402.0	2414.0	2371.0	2395.0	4070
08.06.2023 12:00	2411.0	2411.0	2394.0	2403.0	71
08.06.2023 14:00	2395.0	2410.0	2395.0	2402.0	97
08.06.2023 16:00	2389.0	2389.0	2374.0	2380.0	157
08.06.2023 18:00	2387.0	2389.0	2387.0	2389.0	2
08.06.2023 22:00	2383.0	2396.0	2382.0	2396.0	47
09.06.2023 08:00	2390.0	2392.0	2390.0	2392.0	21
09.06.2023 10:00	2385.0	2404.0	2350.0	2395.0	866
09.06.2023 12:00	2397.0	2403.0	2391.0	2403.0	343
09.06.2023 14:00	2398.0	2402.0	2380.0	2392.0	198
09.06.2023 16:00	2393.0	2395.0	2380.0	2380.0	48
09.06.2023 18:00	2383.0	2390.0	2370.0	2387.0	505
09.06.2023 20:00	2385.0	2391.0	2383.0	2391.0	155
13.06.2023 08:00	2389.0	2426.0	2389.0	2414.0	452
13.06.2023 10:00	2406.0	2430.0	2394.0	2416.0	965
13.06.2023 12:00	2421.0	2421.0	2403.0	2408.0	152
13.06.2023 14:00	2407.0	2412.0	2400.0	2410.0	105
13.06.2023 16:00	2407.0	2409.0	2389.0	2394.0	206
13.06.2023 18:00	2396.0	2409.0	2387.0	2398.0	188
13.06.2023 20:00	2398.0	2401.0	2392.0	2401.0	33
13.06.2023 22:00	2401.0	2409.0	2401.0	2409.0	43
14.06.2023 08:00	2409.0	2421.0	2409.0	2420.0	184
14.06.2023 10:00	2420.0	2427.0	2409.0	2411.0	190
14.06.2023 12:00	2408.0	2416.0	2404.0	2416.0	205
14.06.2023 14:00	2415.0	2417.0	2411.0	2411.0	326
14.06.2023 16:00	2412.0	2430.0	2411.0	2411.0	711
14.06.2023 18:00	2411.0	2417.0	2411.0	2416.0	646
14.06.2023 20:00	2416.0	2419.0	2416.0	2416.0	1392
14.06.2023 22:00	2413.0	2416.0	2412.0	2416.0	31
15.06.2023 08:00	2418.0	2422.0	2408.0	2417.0	68
15.06.2023 10:00	2417.0	2424.0	2409.0	2414.0	580
15.06.2023 12:00	2415.0	2415.0	2385.0	2388.0	1024
15.06.2023 14:00	2389.0	2417.0	2389.0	2414.0	451
15.06.2023 16:00	2409.0	2413.0	2395.0	2404.0	190
15.06.2023 18:00	2407.0	2417.0	2407.0	2414.0	310
15.06.2023 20:00	2414.0	2415.0	2410.0	2410.0	43
15.06.2023 22:00	2409.0	2420.0	2409.0	2419.0	89
16.06.2023 08:00	2421.0	2434.0	2419.0	2425.0	148
16.06.2023 10:00	2422.0	2426.0	2382.0	2399.0	1049
16.06.2023 12:00	2404.0	2409.0	2394.0	2400.0	269
16.06.2023 14:00	2405.0	2412.0	2404.0	2405.0	186
16.06.2023 16:00	2404.0	2412.0	2398.0	2409.0	249
16.06.2023 18:00	2408.0	2414.0	2407.0	2413.0	182
16.06.2023 20:00	2411.0	2411.0	2407.0	2410.0	7
16.06.2023 22:00	2409.0	2409.0	2404.0	2405.0	26
19.06.2023 08:00	2409.0	2413.0	2400.0	2406.0	193
19.06.2023 10:00	2406.0	2410.0	2387.0	2404.0	939
19.06.2023 12:00	2401.0	2403.0	2395.0	2403.0	280
19.06.2023 14:00	2401.0	2407.0	2394.0	2398.0	844
19.06.2023 16:00	2398.0	2399.0	2391.0	2394.0	905
19.06.2023 18:00	2391.0	2393.0	2383.0	2389.0	484
19.06.2023 20:00	2393.0	2395.0	2385.0	2386.0	36
19.06.2023 22:00	2387.0	2388.0	2387.0	2388.0	4
20.06.2023 08:00	2383.0	2385.0	2379.0	2385.0	197
20.06.2023 10:00	2380.0	2387.0	2365.0	2379.0	424
20.06.2023 12:00	2381.0	2385.0	2371.0	2371.0	43
20.06.2023 14:00	2373.0	2385.0	2373.0	2375.0	56
20.06.2023 16:00	2373.0	2373.0	2331.0	2364.0	1336
20.06.2023 18:00	2365.0	2372.0	2364.0	2369.0	52
20.06.2023 20:00	2369.0	2371.0	2368.0	2370.0	8
20.06.2023 22:00	2371.0	2371.0	2363.0	2366.0	51
21.06.2023 08:00	2368.0	2377.0	2366.0	2369.0	282
21.06.2023 10:00	2367.0	2372.0	2353.0	2363.0	853
21.06.2023 12:00	2362.0	2383.0	2357.0	2383.0	1876
21.06.2023 14:00	2379.0	2392.0	2379.0	2390.0	299
21.06.2023 16:00	2383.0	2384.0	2365.0	2376.0	418
21.06.2023 18:00	2377.0	2381.0	2375.0	2380.0	827
21.06.2023 20:00	2377.0	2378.0	2377.0	2378.0	4
21.06.2023 22:00	2375.0	2378.0	2374.0	2378.0	580
22.06.2023 08:00	2376.0	2376.0	2370.0	2373.0	93
22.06.2023 10:00	2371.0	2375.0	2361.0	2368.0	152
22.06.2023 12:00	2371.0	2379.0	2367.0	2367.0	333
22.06.2023 14:00	2368.0	2371.0	2354.0	2363.0	1256
22.06.2023 16:00	2365.0	2367.0	2355.0	2362.0	99
22.06.2023 18:00	2365.0	2367.0	2356.0	2357.0	59
22.06.2023 20:00	2360.0	2360.0	2223.0	2315.0	4528
22.06.2023 22:00	2308.0	2348.0	2308.0	2333.0	801
23.06.2023 08:00	2329.0	2329.0	2309.0	2314.0	215
23.06.2023 10:00	2317.0	2326.0	2282.0	2312.0	526
23.06.2023 12:00	2308.0	2345.0	2303.0	2322.0	567
23.06.2023 14:00	2328.0	2330.0	2320.0	2326.0	102
23.06.2023 16:00	2329.0	2329.0	2298.0	2305.0	196
23.06.2023 18:00	2307.0	2327.0	2307.0	2320.0	110
23.06.2023 20:00	2324.0	2329.0	2298.0	2298.0	181
23.06.2023 22:00	2297.0	2306.0	2264.0	2287.0	949
26.06.2023 08:00	2279.0	2334.0	2278.0	2333.0	617
26.06.2023 10:00	2329.0	2329.0	2280.0	2297.0	1916
26.06.2023 12:00	2298.0	2317.0	2290.0	2308.0	191
26.06.2023 14:00	2304.0	2307.0	2298.0	2298.0	38
26.06.2023 16:00	2303.0	2307.0	2290.0	2290.0	569
26.06.2023 18:00	2293.0	2295.0	2271.0	2280.0	1728
26.06.2023 20:00	2279.0	2281.0	2245.0	2245.0	484
26.06.2023 22:00	2242.0	2285.0	2238.0	2277.0	139
27.06.2023 08:00	2284.0	2293.0	2281.0	2293.0	123
27.06.2023 10:00	2287.0	2304.0	2271.0	2293.0	1290
27.06.2023 12:00	2293.0	2294.0	2280.0	2285.0	216
27.06.2023 14:00	2280.0	2288.0	2277.0	2288.0	73
27.06.2023 16:00	2290.0	2291.0	2285.0	2290.0	33
27.06.2023 18:00	2290.0	2290.0	2279.0	2284.0	50
27.06.2023 20:00	2284.0	2285.0	2261.0	2273.0	126
27.06.2023 22:00	2274.0	2280.0	2273.0	2273.0	73
28.06.2023 08:00	2272.0	2289.0	2272.0	2283.0	164
28.06.2023 10:00	2280.0	2287.0	2265.0	2265.0	498
28.06.2023 12:00	2263.0	2270.0	2260.0	2268.0	595
28.06.2023 14:00	2260.0	2267.0	2255.0	2267.0	111
28.06.2023 16:00	2268.0	2272.0	2264.0	2265.0	246
28.06.2023 18:00	2264.0	2268.0	2259.0	2268.0	119
28.06.2023 20:00	2264.0	2268.0	2262.0	2262.0	102
28.06.2023 22:00	2265.0	2265.0	2255.0	2263.0	16
29.06.2023 08:00	2259.0	2267.0	2259.0	2264.0	63
29.06.2023 10:00	2257.0	2287.0	2252.0	2268.0	2176
29.06.2023 12:00	2267.0	2269.0	2259.0	2267.0	36
29.06.2023 14:00	2270.0	2275.0	2261.0	2266.0	75
29.06.2023 16:00	2266.0	2268.0	2261.0	2268.0	44
29.06.2023 18:00	2270.0	2270.0	2266.0	2266.0	5
29.06.2023 20:00	2264.0	2271.0	2264.0	2270.0	53
29.06.2023 22:00	2271.0	2286.0	2271.0	2277.0	5387
30.06.2023 08:00	2276.0	2287.0	2276.0	2284.0	98
30.06.2023 10:00	2279.0	2286.0	2264.0	2267.0	1219
30.06.2023 12:00	2267.0	2273.0	2259.0	2263.0	1280
30.06.2023 14:00	2261.0	2268.0	2258.0	2260.0	1303
30.06.2023 16:00	2260.0	2270.0	2260.0	2267.0	4563
30.06.2023 18:00	2266.0	2266.0	2265.0	2266.0	341
30.06.2023 20:00	2258.0	2264.0	2258.0	2261.0	43
30.06.2023 22:00	2261.0	2264.0	2260.0	2263.0	106
03.07.2023 08:00	2270.0	2278.0	2269.0	2278.0	267
03.07.2023 10:00	2275.0	2276.0	2263.0	2269.0	1318
03.07.2023 12:00	2270.0	2304.0	2270.0	2293.0	2849
03.07.2023 14:00	2293.0	2308.0	2293.0	2294.0	608
03.07.2023 16:00	2296.0	2306.0	2296.0	2305.0	398
03.07.2023 18:00	2306.0	2306.0	2292.0	2295.0	1301
03.07.2023 20:00	2301.0	2307.0	2301.0	2304.0	52
03.07.2023 22:00	2301.0	2309.0	2301.0	2309.0	151
04.07.2023 08:00	2305.0	2319.0	2304.0	2314.0	137
04.07.2023 10:00	2315.0	2348.0	2308.0	2339.0	1470
04.07.2023 12:00	2343.0	2343.0	2317.0	2327.0	2093
04.07.2023 14:00	2327.0	2332.0	2326.0	2331.0	1915
04.07.2023 16:00	2331.0	2336.0	2321.0	2334.0	2990
04.07.2023 18:00	2334.0	2356.0	2329.0	2343.0	1946
04.07.2023 20:00	2346.0	2353.0	2327.0	2327.0	317
04.07.2023 22:00	2331.0	2339.0	2327.0	2334.0	68
05.07.2023 08:00	2332.0	2352.0	2332.0	2352.0	777
05.07.2023 10:00	2353.0	2353.0	2334.0	2339.0	3761
05.07.2023 12:00	2337.0	2337.0	2327.0	2327.0	1163
05.07.2023 14:00	2325.0	2334.0	2319.0	2330.0	381
05.07.2023 16:00	2325.0	2329.0	2324.0	2329.0	40
05.07.2023 18:00	2320.0	2326.0	2316.0	2323.0	242
05.07.2023 20:00	2320.0	2320.0	2313.0	2318.0	75
05.07.2023 22:00	2321.0	2331.0	2321.0	2330.0	118
06.07.2023 08:00	2328.0	2341.0	2328.0	2338.0	266
06.07.2023 10:00	2332.0	2343.0	2321.0	2337.0	658
06.07.2023 12:00	2340.0	2340.0	2321.0	2330.0	77
06.07.2023 14:00	2335.0	2337.0	2325.0	2325.0	289
06.07.2023 16:00	2324.0	2346.0	2323.0	2328.0	145
06.07.2023 18:00	2324.0	2340.0	2320.0	2326.0	151
06.07.2023 20:00	2331.0	2336.0	2330.0	2331.0	239
07.07.2023 08:00	2328.0	2334.0	2328.0	2334.0	16
07.07.2023 10:00	2328.0	2328.0	2317.0	2321.0	839
07.07.2023 12:00	2323.0	2325.0	2320.0	2322.0	260
07.07.2023 14:00	2322.0	2323.0	2314.0	2314.0	164
07.07.2023 16:00	2315.0	2315.0	2291.0	2305.0	255
07.07.2023 18:00	2304.0	2315.0	2304.0	2312.0	121
07.07.2023 20:00	2312.0	2332.0	2312.0	2330.0	246
07.07.2023 22:00	2327.0	2334.0	2324.0	2333.0	713
10.07.2023 08:00	2333.0	2349.0	2333.0	2345.0	258
10.07.2023 10:00	2349.0	2377.0	2349.0	2371.0	745
10.07.2023 12:00	2370.0	2370.0	2359.0	2370.0	135
10.07.2023 14:00	2371.0	2372.0	2366.0	2368.0	66
10.07.2023 16:00	2369.0	2375.0	2365.0	2375.0	152
10.07.2023 18:00	2375.0	2387.0	2372.0	2377.0	1814
10.07.2023 20:00	2376.0	2386.0	2376.0	2384.0	102
10.07.2023 22:00	2385.0	2392.0	2384.0	2387.0	574
11.07.2023 08:00	2391.0	2396.0	2386.0	2386.0	87
11.07.2023 10:00	2384.0	2410.0	2379.0	2389.0	1134
11.07.2023 12:00	2389.0	2424.0	2389.0	2408.0	1534
11.07.2023 14:00	2412.0	2427.0	2406.0	2424.0	683
11.07.2023 16:00	2420.0	2432.0	2406.0	2414.0	419
11.07.2023 18:00	2418.0	2423.0	2411.0	2420.0	141
11.07.2023 20:00	2414.0	2425.0	2410.0	2425.0	238
11.07.2023 22:00	2425.0	2427.0	2423.0	2425.0	213
12.07.2023 08:00	2430.0	2432.0	2425.0	2428.0	218
12.07.2023 10:00	2428.0	2434.0	2412.0	2420.0	641
12.07.2023 12:00	2420.0	2420.0	2409.0	2410.0	269
12.07.2023 14:00	2412.0	2415.0	2407.0	2415.0	388
12.07.2023 16:00	2415.0	2415.0	2396.0	2398.0	616
12.07.2023 18:00	2402.0	2406.0	2398.0	2398.0	172
12.07.2023 20:00	2397.0	2406.0	2392.0	2403.0	326
12.07.2023 22:00	2406.0	2411.0	2405.0	2407.0	105
13.07.2023 08:00	2415.0	2415.0	2405.0	2410.0	134
13.07.2023 10:00	2412.0	2422.0	2379.0	2393.0	2164
13.07.2023 12:00	2389.0	2390.0	2378.0	2385.0	783
13.07.2023 14:00	2385.0	2392.0	2382.0	2387.0	2400
13.07.2023 16:00	2387.0	2393.0	2387.0	2391.0	192
13.07.2023 18:00	2391.0	2392.0	2387.0	2389.0	167
13.07.2023 20:00	2390.0	2390.0	2389.0	2389.0	3
13.07.2023 22:00	2390.0	2394.0	2387.0	2389.0	57
14.07.2023 08:00	2386.0	2389.0	2382.0	2389.0	100
14.07.2023 10:00	2382.0	2400.0	2377.0	2392.0	567
14.07.2023 12:00	2388.0	2397.0	2387.0	2395.0	167
14.07.2023 14:00	2395.0	2396.0	2386.0	2387.0	1413
14.07.2023 16:00	2388.0	2391.0	2386.0	2391.0	483
14.07.2023 18:00	2393.0	2412.0	2388.0	2412.0	2183
14.07.2023 20:00	2410.0	2411.0	2405.0	2406.0	292
14.07.2023 22:00	2407.0	2412.0	2407.0	2412.0	90
17.07.2023 08:00	2402.0	2402.0	2385.0	2395.0	573
17.07.2023 10:00	2391.0	2411.0	2379.0	2405.0	1088
17.07.2023 12:00	2402.0	2415.0	2401.0	2407.0	403
17.07.2023 14:00	2408.0	2411.0	2407.0	2410.0	170
17.07.2023 16:00	2407.0	2409.0	2398.0	2406.0	149
17.07.2023 18:00	2405.0	2409.0	2400.0	2401.0	67
17.07.2023 20:00	2404.0	2405.0	2402.0	2402.0	66
17.07.2023 22:00	2404.0	2406.0	2403.0	2406.0	77
18.07.2023 08:00	2407.0	2412.0	2403.0	2412.0	21
18.07.2023 10:00	2411.0	2436.0	2411.0	2432.0	621
18.07.2023 12:00	2435.0	2449.0	2430.0	2435.0	531
18.07.2023 14:00	2433.0	2433.0	2423.0	2427.0	182
18.07.2023 16:00	2428.0	2430.0	2410.0	2428.0	904
18.07.2023 18:00	2428.0	2445.0	2425.0	2445.0	462
18.07.2023 20:00	2439.0	2442.0	2431.0	2437.0	195
18.07.2023 22:00	2438.0	2444.0	2435.0	2438.0	32
19.07.2023 08:00	2429.0	2450.0	2429.0	2446.0	367
19.07.2023 10:00	2442.0	2448.0	2422.0	2435.0	300
19.07.2023 12:00	2435.0	2436.0	2426.0	2427.0	216
19.07.2023 14:00	2427.0	2433.0	2424.0	2432.0	118
19.07.2023 16:00	2433.0	2437.0	2432.0	2437.0	62
19.07.2023 18:00	2430.0	2430.0	2419.0	2421.0	358
19.07.2023 20:00	2426.0	2427.0	2421.0	2426.0	142
19.07.2023 22:00	2426.0	2427.0	2415.0	2420.0	178
20.07.2023 08:00	2417.0	2432.0	2417.0	2429.0	74
20.07.2023 10:00	2422.0	2422.0	2384.0	2390.0	1803
20.07.2023 12:00	2388.0	2399.0	2371.0	2393.0	634
20.07.2023 14:00	2397.0	2399.0	2395.0	2396.0	139
20.07.2023 16:00	2397.0	2408.0	2381.0	2392.0	377
20.07.2023 18:00	2393.0	2393.0	2371.0	2381.0	654
20.07.2023 20:00	2375.0	2375.0	2366.0	2367.0	419
20.07.2023 22:00	2367.0	2371.0	2360.0	2363.0	435
21.07.2023 08:00	2380.0	2380.0	2364.0	2370.0	62
21.07.2023 10:00	2368.0	2382.0	2363.0	2374.0	160
21.07.2023 12:00	2378.0	2382.0	2364.0	2374.0	362
21.07.2023 14:00	2379.0	2391.0	2379.0	2389.0	213
21.07.2023 16:00	2387.0	2396.0	2387.0	2388.0	175
21.07.2023 18:00	2390.0	2390.0	2377.0	2383.0	94
21.07.2023 20:00	2383.0	2388.0	2383.0	2388.0	75
21.07.2023 22:00	2385.0	2388.0	2383.0	2388.0	21
24.07.2023 08:00	2388.0	2393.0	2382.0	2388.0	196
24.07.2023 10:00	2392.0	2407.0	2392.0	2401.0	256
24.07.2023 12:00	2398.0	2399.0	2394.0	2399.0	131
24.07.2023 14:00	2402.0	2408.0	2398.0	2405.0	1226
24.07.2023 16:00	2404.0	2405.0	2395.0	2403.0	583
24.07.2023 18:00	2402.0	2405.0	2400.0	2400.0	365
24.07.2023 20:00	2407.0	2411.0	2405.0	2408.0	894
24.07.2023 22:00	2407.0	2410.0	2402.0	2408.0	14
25.07.2023 08:00	2409.0	2411.0	2404.0	2408.0	45
25.07.2023 10:00	2408.0	2418.0	2408.0	2415.0	273
25.07.2023 12:00	2414.0	2419.0	2409.0	2417.0	372
25.07.2023 14:00	2418.0	2418.0	2401.0	2406.0	610
25.07.2023 16:00	2403.0	2416.0	2400.0	2416.0	739
25.07.2023 18:00	2415.0	2419.0	2412.0	2415.0	105
25.07.2023 20:00	2415.0	2418.0	2413.0	2414.0	92
25.07.2023 22:00	2415.0	2415.0	2412.0	2414.0	145
26.07.2023 08:00	2411.0	2412.0	2411.0	2412.0	55
26.07.2023 10:00	2415.0	2428.0	2402.0	2414.0	1494
26.07.2023 12:00	2414.0	2416.0	2405.0	2416.0	1446
26.07.2023 14:00	2417.0	2424.0	2415.0	2417.0	1552
26.07.2023 16:00	2421.0	2428.0	2420.0	2421.0	1090
26.07.2023 18:00	2420.0	2427.0	2418.0	2427.0	1485
26.07.2023 20:00	2426.0	2431.0	2423.0	2430.0	1099
26.07.2023 22:00	2430.0	2437.0	2427.0	2434.0	97
27.07.2023 08:00	2437.0	2448.0	2436.0	2444.0	295
27.07.2023 10:00	2440.0	2541.0	2440.0	2536.0	5130
27.07.2023 12:00	2534.0	2536.0	2511.0	2529.0	2035
27.07.2023 14:00	2530.0	2556.0	2523.0	2549.0	1358
27.07.2023 16:00	2549.0	2570.0	2541.0	2551.0	1397
27.07.2023 18:00	2553.0	2589.0	2552.0	2576.0	995
27.07.2023 20:00	2576.0	2582.0	2568.0	2572.0	3011
27.07.2023 22:00	2571.0	2577.0	2562.0	2577.0	213
28.07.2023 08:00	2564.0	2590.0	2564.0	2585.0	846
28.07.2023 10:00	2582.0	2582.0	2541.0	2550.0	1791
28.07.2023 12:00	2549.0	2580.0	2542.0	2576.0	897
28.07.2023 14:00	2575.0	2578.0	2557.0	2563.0	407
28.07.2023 16:00	2564.0	2569.0	2552.0	2565.0	1790
28.07.2023 18:00	2560.0	2589.0	2559.0	2582.0	1321
28.07.2023 20:00	2582.0	2583.0	2572.0	2580.0	301
28.07.2023 22:00	2577.0	2581.0	2570.0	2573.0	1460
31.07.2023 08:00	2570.0	2618.0	2570.0	2610.0	1134
31.07.2023 10:00	2610.0	2654.0	2603.0	2639.0	3713
31.07.2023 12:00	2642.0	2660.0	2638.0	2650.0	2263
31.07.2023 14:00	2647.0	2653.0	2641.0	2645.0	3427
31.07.2023 16:00	2647.0	2656.0	2627.0	2650.0	4108
31.07.2023 18:00	2650.0	2664.0	2642.0	2656.0	2236
31.07.2023 20:00	2653.0	2662.0	2650.0	2660.0	1390
31.07.2023 22:00	2659.0	2661.0	2650.0	2658.0	3813
01.08.2023 08:00	2661.0	2683.0	2658.0	2673.0	670
01.08.2023 10:00	2670.0	2672.0	2604.0	2632.0	8251
01.08.2023 12:00	2633.0	2662.0	2633.0	2653.0	1279
01.08.2023 14:00	2655.0	2661.0	2632.0	2643.0	735
01.08.2023 16:00	2649.0	2655.0	2622.0	2632.0	388
01.08.2023 18:00	2625.0	2632.0	2611.0	2621.0	801
01.08.2023 20:00	2623.0	2632.0	2623.0	2627.0	47
01.08.2023 22:00	2632.0	2634.0	2628.0	2630.0	53
02.08.2023 08:00	2630.0	2637.0	2614.0	2615.0	99
02.08.2023 10:00	2619.0	2626.0	2596.0	2616.0	894
02.08.2023 12:00	2618.0	2623.0	2606.0	2608.0	355
02.08.2023 14:00	2615.0	2622.0	2615.0	2621.0	356
02.08.2023 16:00	2620.0	2621.0	2613.0	2614.0	1269
02.08.2023 18:00	2614.0	2628.0	2613.0	2624.0	590
02.08.2023 20:00	2625.0	2629.0	2624.0	2627.0	88
02.08.2023 22:00	2625.0	2625.0	2620.0	2623.0	20
03.08.2023 08:00	2627.0	2632.0	2623.0	2625.0	72
03.08.2023 10:00	2624.0	2751.0	2606.0	2725.0	3008
03.08.2023 12:00	2726.0	2759.0	2700.0	2759.0	2761
03.08.2023 14:00	2756.0	2776.0	2742.0	2763.0	2464
03.08.2023 16:00	2759.0	2774.0	2743.0	2766.0	826
03.08.2023 18:00	2766.0	2769.0	2759.0	2767.0	533
03.08.2023 20:00	2768.0	2778.0	2767.0	2777.0	535
03.08.2023 22:00	2777.0	2803.0	2777.0	2792.0	953
04.08.2023 08:00	2794.0	2797.0	2780.0	2797.0	1476
04.08.2023 10:00	2792.0	2835.0	2758.0	2805.0	7528
04.08.2023 12:00	2804.0	2815.0	2796.0	2812.0	1289
04.08.2023 14:00	2808.0	2811.0	2683.0	2739.0	4351
04.08.2023 16:00	2743.0	2776.0	2715.0	2722.0	1544
04.08.2023 18:00	2722.0	2723.0	2660.0	2697.0	2767
04.08.2023 20:00	2691.0	2732.0	2691.0	2717.0	677
04.08.2023 22:00	2715.0	2720.0	2714.0	2720.0	93
07.08.2023 08:00	2730.0	2765.0	2723.0	2754.0	1268
07.08.2023 10:00	2752.0	2774.0	2727.0	2765.0	1468
07.08.2023 12:00	2760.0	2765.0	2734.0	2741.0	2256
07.08.2023 14:00	2738.0	2755.0	2732.0	2735.0	2383
07.08.2023 16:00	2734.0	2750.0	2715.0	2717.0	435
07.08.2023 18:00	2715.0	2715.0	2679.0	2692.0	1012
07.08.2023 20:00	2683.0	2683.0	2641.0	2669.0	1297
07.08.2023 22:00	2672.0	2687.0	2672.0	2677.0	372
08.08.2023 08:00	2680.0	2691.0	2666.0	2678.0	758
08.08.2023 10:00	2674.0	2684.0	2622.0	2651.0	2659
08.08.2023 12:00	2651.0	2703.0	2633.0	2694.0	1637
08.08.2023 14:00	2691.0	2722.0	2674.0	2695.0	1317
08.08.2023 16:00	2694.0	2713.0	2677.0	2702.0	539
08.08.2023 18:00	2705.0	2719.0	2700.0	2712.0	439
08.08.2023 20:00	2712.0	2715.0	2705.0	2709.0	52
08.08.2023 22:00	2710.0	2737.0	2710.0	2734.0	659
09.08.2023 08:00	2737.0	2748.0	2722.0	2748.0	393
09.08.2023 10:00	2749.0	2760.0	2730.0	2736.0	1161
09.08.2023 12:00	2734.0	2744.0	2687.0	2713.0	1253
09.08.2023 14:00	2711.0	2734.0	2709.0	2709.0	170
09.08.2023 16:00	2707.0	2737.0	2701.0	2722.0	874
09.08.2023 18:00	2720.0	2721.0	2710.0	2714.0	390
09.08.2023 20:00	2716.0	2731.0	2714.0	2727.0	77
09.08.2023 22:00	2731.0	2731.0	2723.0	2728.0	309
10.08.2023 08:00	2723.0	2751.0	2723.0	2748.0	584
10.08.2023 10:00	2743.0	2761.0	2730.0	2748.0	1303
10.08.2023 12:00	2745.0	2748.0	2727.0	2745.0	685
10.08.2023 14:00	2745.0	2860.0	2745.0	2836.0	5457
10.08.2023 16:00	2837.0	2926.0	2837.0	2903.0	5428
10.08.2023 18:00	2902.0	2938.0	2897.0	2905.0	3478
10.08.2023 20:00	2908.0	2915.0	2900.0	2909.0	728
10.08.2023 22:00	2910.0	2922.0	2907.0	2922.0	425
11.08.2023 08:00	2923.0	2944.0	2910.0	2918.0	1932
11.08.2023 10:00	2922.0	2940.0	2874.0	2883.0	3220
11.08.2023 12:00	2883.0	2910.0	2875.0	2904.0	1804
11.08.2023 14:00	2897.0	2912.0	2892.0	2904.0	339
11.08.2023 16:00	2904.0	2905.0	2885.0	2888.0	755
11.08.2023 18:00	2891.0	2910.0	2891.0	2900.0	1383
11.08.2023 20:00	2903.0	2907.0	2902.0	2905.0	63
11.08.2023 22:00	2905.0	2907.0	2901.0	2904.0	126
14.08.2023 08:00	2892.0	2949.0	2892.0	2939.0	1029
14.08.2023 10:00	2937.0	2954.0	2914.0	2920.0	1713
14.08.2023 12:00	2921.0	2924.0	2905.0	2915.0	572
14.08.2023 14:00	2914.0	2914.0	2882.0	2902.0	2693
14.08.2023 16:00	2902.0	2918.0	2832.0	2862.0	2543
14.08.2023 18:00	2859.0	2863.0	2823.0	2846.0	2276
14.08.2023 20:00	2842.0	2842.0	2813.0	2835.0	1628
14.08.2023 22:00	2832.0	2846.0	2827.0	2830.0	623
15.08.2023 08:00	2824.0	2858.0	2802.0	2808.0	779
15.08.2023 10:00	2808.0	2878.0	2802.0	2831.0	3111
15.08.2023 12:00	2837.0	2862.0	2825.0	2852.0	963
15.08.2023 14:00	2851.0	2873.0	2846.0	2854.0	707
15.08.2023 16:00	2858.0	2872.0	2854.0	2869.0	180
15.08.2023 18:00	2869.0	2869.0	2838.0	2843.0	1464
15.08.2023 20:00	2843.0	2847.0	2835.0	2841.0	627
15.08.2023 22:00	2842.0	2843.0	2781.0	2809.0	4143
16.08.2023 08:00	2811.0	2824.0	2807.0	2818.0	1125
16.08.2023 10:00	2820.0	2829.0	2758.0	2769.0	2468
16.08.2023 12:00	2764.0	2805.0	2743.0	2783.0	3976
16.08.2023 14:00	2782.0	2788.0	2724.0	2737.0	2833
16.08.2023 16:00	2740.0	2768.0	2732.0	2749.0	1387
16.08.2023 18:00	2750.0	2788.0	2750.0	2775.0	1501
16.08.2023 20:00	2770.0	2770.0	2757.0	2759.0	174
16.08.2023 22:00	2756.0	2766.0	2755.0	2766.0	60
17.08.2023 08:00	2770.0	2786.0	2769.0	2786.0	596
17.08.2023 10:00	2787.0	2803.0	2772.0	2790.0	1058
17.08.2023 12:00	2793.0	2793.0	2746.0	2772.0	1160
17.08.2023 14:00	2773.0	2784.0	2773.0	2776.0	200
17.08.2023 16:00	2784.0	2790.0	2771.0	2774.0	406
17.08.2023 18:00	2768.0	2788.0	2766.0	2788.0	863
17.08.2023 20:00	2785.0	2827.0	2785.0	2818.0	835
17.08.2023 22:00	2817.0	2888.0	2816.0	2864.0	1923
18.08.2023 08:00	2859.0	2867.0	2846.0	2867.0	1610
18.08.2023 10:00	2863.0	2895.0	2842.0	2873.0	5619
18.08.2023 12:00	2873.0	2902.0	2870.0	2881.0	2547
18.08.2023 14:00	2878.0	2896.0	2850.0	2879.0	678
18.08.2023 16:00	2885.0	2893.0	2872.0	2890.0	1829
18.08.2023 18:00	2891.0	2902.0	2880.0	2893.0	390
18.08.2023 20:00	2894.0	2904.0	2892.0	2895.0	513
18.08.2023 22:00	2896.0	2904.0	2893.0	2897.0	269
21.08.2023 08:00	2905.0	2932.0	2901.0	2917.0	1354
21.08.2023 10:00	2914.0	2921.0	2877.0	2889.0	1486
21.08.2023 12:00	2888.0	2909.0	2886.0	2894.0	269
21.08.2023 14:00	2895.0	2901.0	2888.0	2896.0	282
21.08.2023 16:00	2895.0	2895.0	2871.0	2885.0	1038
21.08.2023 18:00	2885.0	2887.0	2875.0	2877.0	112
21.08.2023 20:00	2878.0	2889.0	2877.0	2889.0	210
21.08.2023 22:00	2889.0	2893.0	2885.0	2885.0	106
22.08.2023 08:00	2893.0	2898.0	2888.0	2888.0	178
22.08.2023 10:00	2887.0	2887.0	2858.0	2877.0	1280
22.08.2023 12:00	2875.0	2878.0	2865.0	2876.0	229
22.08.2023 14:00	2873.0	2881.0	2870.0	2880.0	121
22.08.2023 16:00	2880.0	2884.0	2860.0	2860.0	309
22.08.2023 18:00	2866.0	2873.0	2863.0	2873.0	112
22.08.2023 20:00	2873.0	2875.0	2871.0	2874.0	44
22.08.2023 22:00	2876.0	2879.0	2873.0	2878.0	297
23.08.2023 08:00	2880.0	2890.0	2880.0	2881.0	237
23.08.2023 10:00	2881.0	2881.0	2862.0	2865.0	396
23.08.2023 12:00	2864.0	2869.0	2841.0	2854.0	1166
23.08.2023 14:00	2849.0	2852.0	2824.0	2824.0	802
23.08.2023 16:00	2830.0	2856.0	2811.0	2854.0	1498
23.08.2023 18:00	2853.0	2870.0	2848.0	2854.0	739
23.08.2023 20:00	2853.0	2853.0	2788.0	2809.0	1678
23.08.2023 22:00	2806.0	2817.0	2790.0	2812.0	733
24.08.2023 08:00	2815.0	2858.0	2815.0	2827.0	681
24.08.2023 10:00	2828.0	2846.0	2803.0	2846.0	1043
24.08.2023 12:00	2839.0	2851.0	2819.0	2826.0	1415
24.08.2023 14:00	2827.0	2845.0	2826.0	2843.0	602
24.08.2023 16:00	2829.0	2850.0	2825.0	2847.0	257
24.08.2023 18:00	2846.0	2870.0	2843.0	2862.0	1591
24.08.2023 20:00	2863.0	2866.0	2853.0	2861.0	287
24.08.2023 22:00	2864.0	2868.0	2864.0	2864.0	738
25.08.2023 08:00	2861.0	2867.0	2856.0	2860.0	154
25.08.2023 10:00	2862.0	2881.0	2853.0	2869.0	2486
25.08.2023 12:00	2869.0	2877.0	2864.0	2876.0	407
25.08.2023 14:00	2875.0	2907.0	2875.0	2895.0	1392
25.08.2023 16:00	2892.0	2903.0	2880.0	2893.0	735
25.08.2023 18:00	2891.0	2899.0	2889.0	2898.0	580
25.08.2023 20:00	2895.0	2896.0	2886.0	2894.0	152
25.08.2023 22:00	2893.0	2900.0	2886.0	2889.0	681
28.08.2023 08:00	2897.0	2908.0	2896.0	2903.0	791
28.08.2023 10:00	2905.0	2925.0	2900.0	2914.0	3344
28.08.2023 12:00	2911.0	2918.0	2907.0	2915.0	760
28.08.2023 14:00	2913.0	2921.0	2904.0	2921.0	1345
28.08.2023 16:00	2922.0	2945.0	2922.0	2936.0	3364
28.08.2023 18:00	2936.0	2950.0	2935.0	2943.0	539
28.08.2023 20:00	2942.0	2944.0	2939.0	2942.0	164
28.08.2023 22:00	2943.0	2947.0	2942.0	2942.0	475
29.08.2023 08:00	2946.0	2953.0	2937.0	2938.0	968
29.08.2023 10:00	2941.0	2964.0	2927.0	2949.0	2332
29.08.2023 12:00	2949.0	2958.0	2944.0	2951.0	1083
29.08.2023 14:00	2949.0	2949.0	2913.0	2924.0	1003
29.08.2023 16:00	2922.0	2932.0	2909.0	2910.0	273
29.08.2023 18:00	2915.0	2930.0	2915.0	2923.0	379
29.08.2023 20:00	2929.0	2935.0	2925.0	2931.0	181
29.08.2023 22:00	2933.0	2934.0	2925.0	2926.0	679
30.08.2023 08:00	2926.0	2931.0	2918.0	2926.0	526
30.08.2023 10:00	2928.0	2936.0	2898.0	2912.0	586
30.08.2023 12:00	2912.0	2917.0	2906.0	2911.0	176
30.08.2023 14:00	2909.0	2925.0	2905.0	2910.0	775
30.08.2023 16:00	2908.0	2908.0	2886.0	2903.0	3670
30.08.2023 18:00	2902.0	2913.0	2902.0	2911.0	90
30.08.2023 20:00	2913.0	2913.0	2904.0	2910.0	54
30.08.2023 22:00	2909.0	2912.0	2906.0	2911.0	134
31.08.2023 08:00	2911.0	2945.0	2911.0	2923.0	598
31.08.2023 10:00	2923.0	3016.0	2918.0	2988.0	6908
31.08.2023 12:00	2990.0	2993.0	2971.0	2981.0	2476
31.08.2023 14:00	2983.0	3000.0	2978.0	2981.0	1697
31.08.2023 16:00	2980.0	2980.0	2955.0	2976.0	2052
31.08.2023 18:00	2975.0	2989.0	2971.0	2984.0	1041
31.08.2023 20:00	2984.0	2991.0	2982.0	2991.0	208
31.08.2023 22:00	2987.0	2993.0	2981.0	2983.0	235
01.09.2023 08:00	2980.0	2997.0	2980.0	2987.0	368
01.09.2023 10:00	2986.0	2997.0	2960.0	2966.0	967
01.09.2023 12:00	2965.0	2979.0	2963.0	2966.0	1739
01.09.2023 14:00	2969.0	2975.0	2964.0	2975.0	1629
01.09.2023 16:00	2972.0	3005.0	2972.0	2979.0	1086
01.09.2023 18:00	2982.0	2990.0	2981.0	2984.0	555
01.09.2023 20:00	2985.0	2985.0	2975.0	2982.0	673
01.09.2023 22:00	2983.0	2985.0	2981.0	2984.0	69
04.09.2023 08:00	2999.0	3025.0	2977.0	3018.0	2122
04.09.2023 10:00	3014.0	3016.0	3000.0	3006.0	3136
04.09.2023 12:00	3008.0	3033.0	3006.0	3033.0	1218
04.09.2023 14:00	3034.0	3046.0	3030.0	3033.0	3777
04.09.2023 16:00	3032.0	3040.0	3024.0	3030.0	2840
04.09.2023 18:00	3034.0	3040.0	3022.0	3036.0	1311
04.09.2023 20:00	3035.0	3040.0	3033.0	3035.0	386
04.09.2023 22:00	3032.0	3043.0	3032.0	3043.0	200
05.09.2023 08:00	3044.0	3045.0	3033.0	3036.0	1003
05.09.2023 10:00	3036.0	3039.0	3011.0	3014.0	3038
05.09.2023 12:00	3019.0	3030.0	2981.0	3006.0	3014
05.09.2023 14:00	3004.0	3033.0	3004.0	3010.0	3516
05.09.2023 16:00	3014.0	3023.0	3005.0	3006.0	1640
05.09.2023 18:00	3011.0	3019.0	3002.0	3008.0	796
05.09.2023 20:00	3010.0	3011.0	3001.0	3008.0	322
05.09.2023 22:00	3008.0	3011.0	3007.0	3009.0	181
06.09.2023 08:00	3012.0	3026.0	3006.0	3006.0	894
06.09.2023 10:00	3005.0	3005.0	2958.0	2976.0	5195
06.09.2023 12:00	2978.0	2987.0	2959.0	2966.0	2400
06.09.2023 14:00	2964.0	2978.0	2958.0	2973.0	1626
06.09.2023 16:00	2974.0	2982.0	2970.0	2972.0	476
06.09.2023 18:00	2977.0	2982.0	2967.0	2982.0	1518
06.09.2023 20:00	2983.0	2983.0	2972.0	2973.0	895
06.09.2023 22:00	2977.0	2977.0	2957.0	2964.0	206
07.09.2023 08:00	2967.0	2968.0	2944.0	2955.0	709
07.09.2023 10:00	2956.0	2978.0	2948.0	2962.0	5128
07.09.2023 12:00	2963.0	2969.0	2925.0	2933.0	3031
07.09.2023 14:00	2928.0	2940.0	2908.0	2915.0	4822
07.09.2023 16:00	2916.0	2922.0	2825.0	2857.0	10301
07.09.2023 18:00	2855.0	2880.0	2854.0	2863.0	4522
07.09.2023 20:00	2862.0	2883.0	2850.0	2883.0	2822
07.09.2023 22:00	2883.0	2888.0	2866.0	2869.0	1881
08.09.2023 08:00	2875.0	2883.0	2867.0	2878.0	1496
08.09.2023 10:00	2879.0	2884.0	2787.0	2826.0	9748
08.09.2023 12:00	2832.0	2846.0	2816.0	2842.0	5527
08.09.2023 14:00	2840.0	2861.0	2840.0	2846.0	2200
08.09.2023 16:00	2845.0	2850.0	2828.0	2839.0	1651
08.09.2023 18:00	2843.0	2843.0	2828.0	2835.0	697
08.09.2023 20:00	2834.0	2839.0	2832.0	2834.0	136
08.09.2023 22:00	2835.0	2835.0	2827.0	2831.0	431
11.09.2023 08:00	2827.0	2850.0	2827.0	2835.0	977
11.09.2023 10:00	2835.0	2864.0	2807.0	2815.0	6809
11.09.2023 12:00	2815.0	2820.0	2779.0	2790.0	8117
11.09.2023 14:00	2793.0	2797.0	2762.0	2786.0	7367
11.09.2023 16:00	2788.0	2806.0	2776.0	2776.0	2619
11.09.2023 18:00	2775.0	2790.0	2765.0	2788.0	2438
11.09.2023 20:00	2789.0	2795.0	2781.0	2785.0	798
11.09.2023 22:00	2788.0	2789.0	2771.0	2780.0	1003
12.09.2023 08:00	2764.0	2808.0	2764.0	2804.0	5015
12.09.2023 10:00	2803.0	2851.0	2793.0	2846.0	14450
12.09.2023 12:00	2847.0	2847.0	2823.0	2830.0	2334
12.09.2023 14:00	2831.0	2840.0	2807.0	2816.0	7988
12.09.2023 16:00	2817.0	2831.0	2815.0	2831.0	3873
12.09.2023 18:00	2828.0	2844.0	2826.0	2844.0	5213
12.09.2023 20:00	2842.0	2845.0	2838.0	2841.0	1409
12.09.2023 22:00	2841.0	2849.0	2839.0	2847.0	445
13.09.2023 12:00	2849.0	2849.0	2818.0	2820.0	2242
13.09.2023 14:00	2822.0	2838.0	2811.0	2817.0	13387
13.09.2023 16:00	2816.0	2819.0	2785.0	2794.0	8113
13.09.2023 18:00	2797.0	2807.0	2786.0	2793.0	4537
13.09.2023 20:00	2792.0	2802.0	2791.0	2797.0	341
13.09.2023 22:00	2796.0	2798.0	2768.0	2776.0	2321
14.09.2023 08:00	2783.0	2799.0	2775.0	2789.0	2676
14.09.2023 10:00	2788.0	2789.0	2736.0	2748.0	19401
14.09.2023 12:00	2746.0	2758.0	2700.0	2739.0	24108
14.09.2023 14:00	2736.0	2746.0	2728.0	2736.0	8120
14.09.2023 16:00	2736.0	2788.0	2732.0	2762.0	10988
14.09.2023 18:00	2762.0	2784.0	2760.0	2782.0	4508
14.09.2023 20:00	2782.0	2782.0	2759.0	2767.0	1372
14.09.2023 22:00	2767.0	2775.0	2765.0	2775.0	1932
15.09.2023 08:00	2774.0	2786.0	2768.0	2768.0	967
15.09.2023 10:00	2770.0	2791.0	2761.0	2772.0	5786
15.09.2023 12:00	2770.0	2821.0	2767.0	2797.0	11394
15.09.2023 14:00	2798.0	2824.0	2792.0	2809.0	6119
15.09.2023 16:00	2807.0	2821.0	2798.0	2803.0	3342
15.09.2023 18:00	2803.0	2819.0	2799.0	2815.0	1263
15.09.2023 20:00	2818.0	2818.0	2807.0	2809.0	1492
15.09.2023 22:00	2809.0	2817.0	2807.0	2814.0	1954
18.09.2023 08:00	2818.0	2832.0	2813.0	2831.0	3494
18.09.2023 10:00	2829.0	2844.0	2816.0	2821.0	15580
18.09.2023 12:00	2823.0	2826.0	2803.0	2805.0	7885
18.09.2023 14:00	2804.0	2808.0	2775.0	2791.0	13298
18.09.2023 16:00	2789.0	2792.0	2780.0	2788.0	10948
18.09.2023 18:00	2787.0	2801.0	2778.0	2798.0	7840
18.09.2023 20:00	2793.0	2798.0	2791.0	2793.0	3086
18.09.2023 22:00	2794.0	2797.0	2787.0	2793.0	2229
19.09.2023 08:00	2793.0	2799.0	2780.0	2791.0	4405
19.09.2023 10:00	2790.0	2790.0	2736.0	2746.0	31687
19.09.2023 12:00	2748.0	2755.0	2705.0	2723.0	63320
19.09.2023 14:00	2722.0	2726.0	2678.0	2690.0	54893
19.09.2023 16:00	2691.0	2716.0	2677.0	2700.0	24282
19.09.2023 18:00	2703.0	2715.0	2702.0	2715.0	9081
19.09.2023 20:00	2715.0	2717.0	2667.0	2680.0	16809
19.09.2023 22:00	2677.0	2692.0	2664.0	2666.0	9093
20.09.2023 08:00	2673.0	2686.0	2673.0	2681.0	7305
20.09.2023 10:00	2681.0	2681.0	2597.0	2646.0	151972
20.09.2023 12:00	2647.0	2694.0	2642.0	2655.0	78613
20.09.2023 14:00	2656.0	2693.0	2644.0	2685.0	46934
20.09.2023 16:00	2686.0	2708.0	2673.0	2682.0	58411
20.09.2023 18:00	2682.0	2689.0	2656.0	2665.0	51957
20.09.2023 20:00	2665.0	2681.0	2663.0	2675.0	13917
20.09.2023 22:00	2678.0	2681.0	2649.0	2663.0	13840
21.09.2023 08:00	2664.0	2672.0	2650.0	2655.0	19214
21.09.2023 10:00	2655.0	2670.0	2602.0	2622.0	170961
21.09.2023 12:00	2622.0	2639.0	2620.0	2629.0	71507
21.09.2023 14:00	2629.0	2634.0	2596.0	2597.0	91208
21.09.2023 16:00	2597.0	2615.0	2596.0	2602.0	75242
21.09.2023 18:00	2601.0	2604.0	2588.0	2598.0	43037
21.09.2023 20:00	2597.0	2602.0	2572.0	2586.0	31704
21.09.2023 22:00	2586.0	2588.0	2570.0	2575.0	47617
22.09.2023 08:00	2575.0	2588.0	2574.0	2581.0	13177
22.09.2023 10:00	2581.0	2611.0	2557.0	2566.0	169348
22.09.2023 12:00	2567.0	2590.0	2562.0	2576.0	62231
22.09.2023 14:00	2576.0	2609.0	2576.0	2605.0	56040
22.09.2023 16:00	2606.0	2620.0	2596.0	2617.0	62842
22.09.2023 18:00	2616.0	2618.0	2597.0	2603.0	26331
22.09.2023 20:00	2603.0	2607.0	2599.0	2603.0	11345
22.09.2023 22:00	2602.0	2618.0	2598.0	2608.0	18545
25.09.2023 08:00	2613.0	2637.0	2602.0	2615.0	30996
25.09.2023 10:00	2615.0	2630.0	2591.0	2608.0	98504
25.09.2023 12:00	2608.0	2617.0	2580.0	2584.0	63405
25.09.2023 14:00	2585.0	2611.0	2583.0	2597.0	38450
25.09.2023 16:00	2596.0	2610.0	2593.0	2607.0	24540
25.09.2023 18:00	2609.0	2614.0	2605.0	2608.0	24555
25.09.2023 20:00	2609.0	2610.0	2599.0	2602.0	10176
25.09.2023 22:00	2602.0	2609.0	2602.0	2607.0	3962
26.09.2023 08:00	2610.0	2611.0	2598.0	2601.0	6624
26.09.2023 10:00	2601.0	2602.0	2564.0	2567.0	128389
26.09.2023 12:00	2568.0	2580.0	2565.0	2575.0	23665
26.09.2023 14:00	2575.0	2620.0	2575.0	2604.0	86822
26.09.2023 16:00	2603.0	2656.0	2598.0	2645.0	108964
26.09.2023 18:00	2646.0	2663.0	2640.0	2657.0	54243
26.09.2023 20:00	2657.0	2661.0	2642.0	2643.0	19935
26.09.2023 22:00	2642.0	2648.0	2636.0	2646.0	13121
27.09.2023 08:00	2647.0	2665.0	2647.0	2662.0	16704
27.09.2023 10:00	2660.0	2682.0	2650.0	2668.0	89767
27.09.2023 12:00	2667.0	2677.0	2652.0	2662.0	41563
27.09.2023 14:00	2662.0	2673.0	2654.0	2663.0	19081
27.09.2023 16:00	2661.0	2666.0	2627.0	2638.0	57380
27.09.2023 18:00	2637.0	2652.0	2636.0	2638.0	20086
27.09.2023 20:00	2639.0	2656.0	2639.0	2654.0	8113
27.09.2023 22:00	2654.0	2658.0	2648.0	2658.0	5940
28.09.2023 08:00	2659.0	2666.0	2648.0	2660.0	12277
28.09.2023 10:00	2659.0	2677.0	2639.0	2650.0	83141
28.09.2023 12:00	2650.0	2688.0	2648.0	2686.0	58522
28.09.2023 14:00	2686.0	2688.0	2655.0	2660.0	43265
28.09.2023 16:00	2660.0	2675.0	2659.0	2672.0	21991
28.09.2023 18:00	2671.0	2681.0	2666.0	2674.0	16281
28.09.2023 20:00	2674.0	2677.0	2669.0	2673.0	6665
28.09.2023 22:00	2673.0	2688.0	2672.0	2686.0	14278
29.09.2023 08:00	2686.0	2698.0	2677.0	2693.0	15289
29.09.2023 10:00	2691.0	2708.0	2663.0	2696.0	121625
29.09.2023 12:00	2697.0	2702.0	2683.0	2686.0	53125
29.09.2023 14:00	2687.0	2689.0	2664.0	2672.0	50508
29.09.2023 16:00	2670.0	2678.0	2650.0	2676.0	39939
29.09.2023 18:00	2675.0	2678.0	2662.0	2670.0	16634
29.09.2023 20:00	2668.0	2671.0	2665.0	2668.0	5855
29.09.2023 22:00	2668.0	2671.0	2665.0	2668.0	4030
02.10.2023 08:00	2670.0	2690.0	2670.0	2674.0	16707
02.10.2023 10:00	2673.0	2679.0	2661.0	2672.0	39341
02.10.2023 12:00	2672.0	2681.0	2658.0	2668.0	33212
02.10.2023 14:00	2667.0	2668.0	2634.0	2637.0	57141
02.10.2023 16:00	2637.0	2637.0	2616.0	2629.0	87861
02.10.2023 18:00	2628.0	2629.0	2611.0	2617.0	31325
02.10.2023 20:00	2617.0	2628.0	2612.0	2624.0	14437
02.10.2023 22:00	2625.0	2625.0	2618.0	2623.0	4797
03.10.2023 08:00	2623.0	2626.0	2612.0	2617.0	8117
03.10.2023 10:00	2618.0	2622.0	2583.0	2606.0	109229
03.10.2023 12:00	2607.0	2609.0	2586.0	2597.0	28636
03.10.2023 14:00	2599.0	2625.0	2597.0	2620.0	56772
03.10.2023 16:00	2620.0	2632.0	2608.0	2620.0	46450
03.10.2023 18:00	2621.0	2630.0	2618.0	2623.0	16347
03.10.2023 20:00	2623.0	2626.0	2618.0	2618.0	5782
03.10.2023 22:00	2619.0	2622.0	2611.0	2617.0	5223
04.10.2023 08:00	2617.0	2620.0	2601.0	2601.0	6963
04.10.2023 10:00	2602.0	2631.0	2600.0	2611.0	60570
04.10.2023 12:00	2612.0	2613.0	2599.0	2602.0	23018
04.10.2023 14:00	2603.0	2603.0	2590.0	2599.0	32068
04.10.2023 16:00	2599.0	2601.0	2574.0	2581.0	49045
04.10.2023 18:00	2581.0	2597.0	2580.0	2588.0	15388
04.10.2023 20:00	2587.0	2591.0	2579.0	2589.0	4853
04.10.2023 22:00	2588.0	2589.0	2575.0	2582.0	7695
05.10.2023 08:00	2580.0	2600.0	2579.0	2585.0	17007
05.10.2023 10:00	2584.0	2593.0	2567.0	2575.0	65832
05.10.2023 12:00	2575.0	2577.0	2548.0	2550.0	139441
05.10.2023 14:00	2552.0	2574.0	2550.0	2561.0	45187
05.10.2023 16:00	2561.0	2571.0	2555.0	2565.0	32186
05.10.2023 18:00	2566.0	2571.0	2556.0	2557.0	23754
05.10.2023 20:00	2559.0	2561.0	2552.0	2557.0	9730
05.10.2023 22:00	2557.0	2568.0	2556.0	2567.0	5696
06.10.2023 08:00	2567.0	2669.0	2567.0	2591.0	37393
06.10.2023 10:00	2590.0	2591.0	2550.0	2550.0	104851
06.10.2023 12:00	2550.0	2557.0	2542.0	2550.0	49495
06.10.2023 14:00	2550.0	2560.0	2547.0	2553.0	25975
06.10.2023 16:00	2552.0	2565.0	2552.0	2563.0	21828
06.10.2023 18:00	2563.0	2601.0	2561.0	2598.0	44799
06.10.2023 20:00	2598.0	2598.0	2588.0	2594.0	27363
06.10.2023 22:00	2596.0	2606.0	2592.0	2600.0	12609
09.10.2023 08:00	2604.0	2630.0	2599.0	2619.0	32537
09.10.2023 10:00	2619.0	2643.0	2614.0	2625.0	122793
09.10.2023 12:00	2625.0	2638.0	2619.0	2629.0	86575
09.10.2023 14:00	2629.0	2636.0	2619.0	2620.0	40609
09.10.2023 16:00	2620.0	2628.0	2615.0	2625.0	33407
09.10.2023 18:00	2625.0	2625.0	2606.0	2617.0	48075
09.10.2023 20:00	2616.0	2622.0	2615.0	2622.0	8408
09.10.2023 22:00	2622.0	2630.0	2621.0	2625.0	10834
10.10.2023 08:00	2629.0	2633.0	2620.0	2629.0	10360
10.10.2023 10:00	2627.0	2631.0	2606.0	2610.0	65841
10.10.2023 12:00	2611.0	2615.0	2605.0	2611.0	61234
10.10.2023 14:00	2612.0	2621.0	2607.0	2610.0	22996
10.10.2023 16:00	2609.0	2618.0	2598.0	2617.0	39301
10.10.2023 18:00	2618.0	2619.0	2608.0	2610.0	14192
10.10.2023 20:00	2609.0	2613.0	2609.0	2612.0	2840
10.10.2023 22:00	2612.0	2616.0	2609.0	2613.0	6018
11.10.2023 08:00	2615.0	2636.0	2612.0	2624.0	29262
11.10.2023 10:00	2623.0	2624.0	2605.0	2615.0	86732
11.10.2023 12:00	2616.0	2617.0	2601.0	2602.0	61048
11.10.2023 14:00	2602.0	2609.0	2591.0	2600.0	47308
11.10.2023 16:00	2600.0	2607.0	2594.0	2602.0	33262
11.10.2023 18:00	2603.0	2607.0	2588.0	2598.0	29096
11.10.2023 20:00	2597.0	2604.0	2595.0	2601.0	8726
11.10.2023 22:00	2601.0	2602.0	2543.0	2553.0	90818
12.10.2023 08:00	2553.0	2559.0	2541.0	2556.0	18322
12.10.2023 10:00	2556.0	2574.0	2545.0	2574.0	65758
12.10.2023 12:00	2574.0	2574.0	2550.0	2557.0	42169
12.10.2023 14:00	2559.0	2569.0	2558.0	2567.0	17887
12.10.2023 16:00	2567.0	2583.0	2565.0	2579.0	26135
12.10.2023 18:00	2578.0	2579.0	2570.0	2574.0	10823
12.10.2023 20:00	2573.0	2585.0	2566.0	2582.0	28574
12.10.2023 22:00	2582.0	2586.0	2576.0	2585.0	8757
13.10.2023 08:00	2585.0	2591.0	2580.0	2582.0	12173
13.10.2023 10:00	2582.0	2590.0	2571.0	2584.0	39283
13.10.2023 12:00	2584.0	2587.0	2567.0	2571.0	41556
13.10.2023 14:00	2573.0	2625.0	2572.0	2610.0	84284
13.10.2023 16:00	2610.0	2615.0	2600.0	2606.0	22862
13.10.2023 18:00	2606.0	2614.0	2603.0	2604.0	16133
13.10.2023 20:00	2604.0	2607.0	2601.0	2603.0	3154
13.10.2023 22:00	2603.0	2607.0	2600.0	2606.0	8006
16.10.2023 08:00	2607.0	2633.0	2607.0	2624.0	18828
16.10.2023 10:00	2623.0	2628.0	2612.0	2626.0	50567
16.10.2023 12:00	2627.0	2641.0	2621.0	2630.0	36440
16.10.2023 14:00	2631.0	2635.0	2613.0	2631.0	38498
16.10.2023 16:00	2631.0	2674.0	2629.0	2666.0	91112
16.10.2023 18:00	2666.0	2677.0	2665.0	2671.0	21862
16.10.2023 20:00	2671.0	2672.0	2661.0	2665.0	15312
16.10.2023 22:00	2665.0	2670.0	2662.0	2669.0	6631
17.10.2023 08:00	2670.0	2673.0	2659.0	2665.0	9467
17.10.2023 10:00	2665.0	2713.0	2650.0	2704.0	122774
17.10.2023 12:00	2705.0	2707.0	2694.0	2697.0	28259
17.10.2023 14:00	2698.0	2710.0	2682.0	2694.0	47317
17.10.2023 16:00	2694.0	2701.0	2685.0	2700.0	23613
17.10.2023 18:00	2701.0	2707.0	2695.0	2701.0	12973
17.10.2023 20:00	2701.0	2706.0	2699.0	2705.0	9806
17.10.2023 22:00	2704.0	2706.0	2684.0	2688.0	14522
18.10.2023 08:00	2690.0	2698.0	2685.0	2689.0	7008
18.10.2023 10:00	2689.0	2704.0	2672.0	2687.0	55748
18.10.2023 12:00	2687.0	2697.0	2678.0	2681.0	28540
18.10.2023 14:00	2681.0	2686.0	2657.0	2663.0	58402
18.10.2023 16:00	2663.0	2675.0	2641.0	2674.0	75872
18.10.2023 18:00	2674.0	2676.0	2661.0	2672.0	17880
18.10.2023 20:00	2674.0	2675.0	2672.0	2674.0	3000
18.10.2023 22:00	2675.0	2678.0	2672.0	2674.0	4337
19.10.2023 08:00	2672.0	2674.0	2664.0	2665.0	5503
19.10.2023 10:00	2667.0	2674.0	2651.0	2665.0	34935
19.10.2023 12:00	2665.0	2684.0	2655.0	2682.0	35412
19.10.2023 14:00	2684.0	2702.0	2673.0	2697.0	38395
19.10.2023 16:00	2697.0	2700.0	2685.0	2689.0	32226
19.10.2023 18:00	2688.0	2690.0	2679.0	2688.0	13943
19.10.2023 20:00	2688.0	2690.0	2680.0	2686.0	9503
19.10.2023 22:00	2687.0	2687.0	2676.0	2682.0	8923
20.10.2023 08:00	2683.0	2689.0	2677.0	2689.0	8092
20.10.2023 10:00	2688.0	2688.0	2641.0	2663.0	115121
20.10.2023 12:00	2663.0	2663.0	2633.0	2645.0	84723
20.10.2023 14:00	2646.0	2657.0	2636.0	2652.0	40158
20.10.2023 16:00	2652.0	2657.0	2645.0	2655.0	19821
20.10.2023 18:00	2654.0	2664.0	2654.0	2660.0	16427
20.10.2023 20:00	2658.0	2662.0	2656.0	2661.0	4870
20.10.2023 22:00	2661.0	2661.0	2658.0	2660.0	6264
23.10.2023 08:00	2659.0	2676.0	2656.0	2672.0	17516
23.10.2023 10:00	2672.0	2689.0	2664.0	2673.0	62528
23.10.2023 12:00	2672.0	2676.0	2659.0	2670.0	23250
23.10.2023 14:00	2668.0	2670.0	2658.0	2669.0	15616
23.10.2023 16:00	2669.0	2673.0	2661.0	2669.0	15296
23.10.2023 18:00	2670.0	2680.0	2665.0	2673.0	16943
23.10.2023 20:00	2672.0	2679.0	2669.0	2674.0	6669
23.10.2023 22:00	2673.0	2676.0	2667.0	2670.0	4421
24.10.2023 08:00	2672.0	2678.0	2666.0	2670.0	6204
24.10.2023 10:00	2669.0	2718.0	2659.0	2708.0	74840
24.10.2023 12:00	2709.0	2733.0	2697.0	2720.0	75009
24.10.2023 14:00	2720.0	2721.0	2700.0	2707.0	57622
24.10.2023 16:00	2706.0	2708.0	2697.0	2707.0	43607
24.10.2023 18:00	2706.0	2708.0	2691.0	2699.0	16500
24.10.2023 20:00	2699.0	2703.0	2695.0	2703.0	6493
24.10.2023 22:00	2702.0	2721.0	2702.0	2719.0	33900
25.10.2023 08:00	2717.0	2729.0	2707.0	2719.0	10649
25.10.2023 10:00	2719.0	2740.0	2708.0	2721.0	91380
25.10.2023 12:00	2719.0	2729.0	2691.0	2695.0	51199
25.10.2023 14:00	2695.0	2707.0	2691.0	2693.0	19761
25.10.2023 16:00	2693.0	2700.0	2682.0	2700.0	35358
25.10.2023 18:00	2699.0	2704.0	2692.0	2695.0	12451
25.10.2023 20:00	2695.0	2698.0	2690.0	2698.0	5273
25.10.2023 22:00	2698.0	2701.0	2683.0	2689.0	12809
26.10.2023 08:00	2687.0	2700.0	2683.0	2698.0	8787
26.10.2023 10:00	2698.0	2701.0	2668.0	2693.0	67094
26.10.2023 12:00	2694.0	2696.0	2641.0	2653.0	72071
26.10.2023 14:00	2653.0	2662.0	2619.0	2645.0	131402
26.10.2023 16:00	2645.0	2650.0	2613.0	2620.0	57742
26.10.2023 18:00	2619.0	2623.0	2605.0	2617.0	35695
26.10.2023 20:00	2617.0	2619.0	2608.0	2610.0	8346
26.10.2023 22:00	2612.0	2617.0	2602.0	2605.0	13323
27.10.2023 08:00	2602.0	2619.0	2602.0	2611.0	8251
27.10.2023 10:00	2611.0	2622.0	2599.0	2610.0	60070
27.10.2023 12:00	2610.0	2625.0	2562.0	2572.0	105020
27.10.2023 14:00	2570.0	2581.0	2550.0	2576.0	125880
27.10.2023 16:00	2576.0	2600.0	2574.0	2592.0	52592
27.10.2023 18:00	2592.0	2598.0	2569.0	2582.0	37313
27.10.2023 20:00	2582.0	2596.0	2581.0	2589.0	18633
27.10.2023 22:00	2589.0	2591.0	2580.0	2582.0	8187
30.10.2023 08:00	2590.0	2597.0	2584.0	2585.0	7629
30.10.2023 10:00	2584.0	2604.0	2565.0	2599.0	64278
30.10.2023 12:00	2599.0	2602.0	2581.0	2586.0	25697
30.10.2023 14:00	2587.0	2593.0	2572.0	2579.0	43375
30.10.2023 16:00	2580.0	2582.0	2563.0	2570.0	32474
30.10.2023 18:00	2569.0	2571.0	2561.0	2565.0	13552
30.10.2023 20:00	2565.0	2569.0	2564.0	2568.0	4034
30.10.2023 22:00	2567.0	2570.0	2556.0	2558.0	4076
31.10.2023 08:00	2559.0	2572.0	2552.0	2558.0	8533
31.10.2023 10:00	2557.0	2579.0	2555.0	2562.0	43937
31.10.2023 12:00	2561.0	2570.0	2542.0	2556.0	41127
31.10.2023 14:00	2556.0	2572.0	2546.0	2570.0	28193
31.10.2023 16:00	2571.0	2583.0	2561.0	2579.0	39472
31.10.2023 18:00	2580.0	2593.0	2580.0	2591.0	25700
31.10.2023 20:00	2591.0	2591.0	2578.0	2579.0	9625
31.10.2023 22:00	2579.0	2585.0	2578.0	2581.0	5261
01.11.2023 08:00	2581.0	2593.0	2578.0	2586.0	8197
01.11.2023 10:00	2586.0	2608.0	2581.0	2595.0	60430
01.11.2023 12:00	2595.0	2602.0	2591.0	2593.0	22182
01.11.2023 14:00	2594.0	2599.0	2587.0	2589.0	13239
01.11.2023 16:00	2589.0	2591.0	2568.0	2575.0	35301
01.11.2023 18:00	2575.0	2580.0	2567.0	2571.0	14076
01.11.2023 20:00	2570.0	2574.0	2567.0	2573.0	6907
01.11.2023 22:00	2573.0	2575.0	2565.0	2573.0	8704
02.11.2023 08:00	2576.0	2585.0	2575.0	2581.0	7843
02.11.2023 10:00	2581.0	2585.0	2566.0	2569.0	41552
02.11.2023 12:00	2568.0	2572.0	2558.0	2572.0	30248
02.11.2023 14:00	2572.0	2574.0	2568.0	2574.0	14851
02.11.2023 16:00	2574.0	2574.0	2563.0	2567.0	23329
02.11.2023 18:00	2567.0	2569.0	2555.0	2557.0	20791
02.11.2023 20:00	2557.0	2560.0	2548.0	2549.0	18129
02.11.2023 22:00	2550.0	2557.0	2549.0	2557.0	6540
03.11.2023 08:00	2556.0	2560.0	2551.0	2552.0	3851
03.11.2023 10:00	2553.0	2565.0	2517.0	2532.0	82704
03.11.2023 12:00	2532.0	2540.0	2527.0	2530.0	22250
03.11.2023 14:00	2528.0	2546.0	2527.0	2540.0	22383
03.11.2023 16:00	2541.0	2546.0	2535.0	2539.0	16578
03.11.2023 18:00	2539.0	2544.0	2533.0	2543.0	10233
03.11.2023 20:00	2543.0	2544.0	2538.0	2538.0	4574
03.11.2023 22:00	2538.0	2540.0	2536.0	2537.0	3303
06.11.2023 08:00	2543.0	2553.0	2539.0	2545.0	8333
06.11.2023 10:00	2544.0	2561.0	2538.0	2555.0	37518
06.11.2023 12:00	2555.0	2559.0	2550.0	2557.0	14719
06.11.2023 14:00	2557.0	2558.0	2551.0	2551.0	5356
06.11.2023 16:00	2551.0	2562.0	2550.0	2562.0	13110
06.11.2023 18:00	2562.0	2588.0	2562.0	2580.0	64307
06.11.2023 20:00	2581.0	2587.0	2578.0	2582.0	12046
06.11.2023 22:00	2582.0	2587.0	2581.0	2585.0	8026
07.11.2023 08:00	2585.0	2594.0	2580.0	2581.0	11543
07.11.2023 10:00	2582.0	2609.0	2573.0	2579.0	82058
07.11.2023 12:00	2580.0	2584.0	2569.0	2580.0	32092
07.11.2023 14:00	2580.0	2582.0	2564.0	2570.0	28836
07.11.2023 16:00	2570.0	2585.0	2567.0	2580.0	25733
07.11.2023 18:00	2580.0	2585.0	2566.0	2572.0	16714
07.11.2023 20:00	2572.0	2573.0	2567.0	2572.0	5348
07.11.2023 22:00	2572.0	2574.0	2569.0	2571.0	1476
08.11.2023 08:00	2570.0	2581.0	2569.0	2576.0	4917
08.11.2023 10:00	2574.0	2597.0	2559.0	2591.0	59432
08.11.2023 12:00	2592.0	2592.0	2573.0	2579.0	30430
08.11.2023 14:00	2579.0	2585.0	2578.0	2579.0	15221
08.11.2023 16:00	2579.0	2585.0	2573.0	2581.0	16651
08.11.2023 18:00	2581.0	2582.0	2574.0	2578.0	8193
08.11.2023 20:00	2578.0	2583.0	2577.0	2580.0	9432
08.11.2023 22:00	2581.0	2583.0	2577.0	2578.0	4482
09.11.2023 08:00	2578.0	2582.0	2570.0	2574.0	5727
09.11.2023 10:00	2575.0	2580.0	2560.0	2562.0	30678
09.11.2023 12:00	2562.0	2567.0	2546.0	2554.0	41182
09.11.2023 14:00	2553.0	2562.0	2548.0	2561.0	19182
09.11.2023 16:00	2561.0	2562.0	2551.0	2554.0	17980
09.11.2023 18:00	2554.0	2560.0	2553.0	2556.0	13129
09.11.2023 20:00	2556.0	2557.0	2551.0	2553.0	5167
09.11.2023 22:00	2552.0	2554.0	2550.0	2550.0	3025
10.11.2023 08:00	2552.0	2553.0	2540.0	2545.0	5539
10.11.2023 10:00	2545.0	2566.0	2535.0	2561.0	55515
10.11.2023 12:00	2562.0	2566.0	2544.0	2548.0	32027
10.11.2023 14:00	2548.0	2558.0	2545.0	2553.0	14221
10.11.2023 16:00	2554.0	2555.0	2546.0	2548.0	17297
10.11.2023 18:00	2549.0	2551.0	2544.0	2548.0	6654
10.11.2023 20:00	2548.0	2554.0	2546.0	2554.0	4676
10.11.2023 22:00	2554.0	2558.0	2539.0	2540.0	15361
13.11.2023 08:00	2542.0	2548.0	2537.0	2540.0	6871
13.11.2023 10:00	2540.0	2550.0	2529.0	2536.0	31257
13.11.2023 12:00	2536.0	2538.0	2523.0	2534.0	29215
13.11.2023 14:00	2533.0	2536.0	2527.0	2529.0	16796
13.11.2023 16:00	2529.0	2544.0	2527.0	2543.0	25144
13.11.2023 18:00	2542.0	2545.0	2534.0	2534.0	10769
13.11.2023 20:00	2533.0	2535.0	2520.0	2526.0	17498
13.11.2023 22:00	2525.0	2528.0	2523.0	2524.0	4756
14.11.2023 08:00	2524.0	2526.0	2453.0	2510.0	26658
14.11.2023 10:00	2510.0	2515.0	2473.0	2502.0	115347
14.11.2023 12:00	2502.0	2511.0	2495.0	2496.0	40953
14.11.2023 14:00	2496.0	2497.0	2464.0	2481.0	55369
14.11.2023 16:00	2481.0	2482.0	2453.0	2463.0	104433
14.11.2023 18:00	2463.0	2463.0	2446.0	2460.0	36543
14.11.2023 20:00	2460.0	2470.0	2453.0	2468.0	13054
14.11.2023 22:00	2468.0	2468.0	2455.0	2455.0	5614
15.11.2023 08:00	2452.0	2470.0	2452.0	2463.0	10166
15.11.2023 10:00	2463.0	2482.0	2447.0	2465.0	68599
15.11.2023 12:00	2465.0	2480.0	2464.0	2476.0	37584
15.11.2023 14:00	2476.0	2482.0	2466.0	2477.0	21223
15.11.2023 16:00	2479.0	2509.0	2477.0	2498.0	59294
15.11.2023 18:00	2498.0	2505.0	2483.0	2488.0	20406
15.11.2023 20:00	2489.0	2494.0	2483.0	2485.0	5079
15.11.2023 22:00	2487.0	2493.0	2485.0	2492.0	3047
